10

3
John Doe
Jane Smith
Sirhan Sirhan
1 2 3
2 1 3
2 3 1
1 2 3
3 1 2

20
one_o
two_o
three_o
four_o
five_o
six_o
seven_o
eight_o
nine_o
ten_o
eleven_o
twelve_o
thirteen_o
fourteen_o
fifteen_o
sixteen_o
seventeen_o
eighteen_o
nineteen_o
twenty_o
20 2 3 4 5 6 7 8 9 10 11 12 13 14 15 16 17 18 19 1

1
Only Cand
1

4
one_b
two_b
three_b
four_b
1 2 3 4
1 2 3 4
1 2 3 4
3 4 2 1
4 3 2 1
2 4 3 1

20
one_s
two_s
three_s
four_s
five_s
six_s
seven_s
eight_s
nine_s
ten_s
eleven_s
twelve_s
thirteen_s
fourteen_s
fifteen_s
sixteen_s
seventeen_s
eighteen_s
nineteen_s
twenty_s
1 2 3 4 5 6 7 8 9 10 11 12 13 14 15 16 17 18 19 20
20 1 2 3 4 5 6 7 8 9 10 11 12 13 14 15 16 17 18 19
19 20 1 2 3 4 5 6 7 8 9 10 11 12 13 14 15 16 17 18
18 19 20 1 2 3 4 5 6 7 8 9 10 11 12 13 14 15 16 17
17 18 19 20 1 2 3 4 5 6 7 8 9 10 11 12 13 14 15 16
16 17 18 19 20 1 2 3 4 5 6 7 8 9 10 11 12 13 14 15
15 16 17 18 19 20 1 2 3 4 5 6 7 8 9 10 11 12 13 14
14 15 16 17 18 19 20 1 2 3 4 5 6 7 8 9 10 11 12 13
13 14 15 16 17 18 19 20 1 2 3 4 5 6 7 8 9 10 11 12
12 13 14 15 16 17 18 19 20 1 2 3 4 5 6 7 8 9 10 11
11 12 13 14 15 16 17 18 19 20 1 2 3 4 5 6 7 8 9 10
10 11 12 13 14 15 16 17 18 19 20 1 2 3 4 5 6 7 8 9
9 10 11 12 13 14 15 16 17 18 19 20 1 2 3 4 5 6 7 8
8 9 10 11 12 13 14 15 16 17 18 19 20 1 2 3 4 5 6 7
7 8 9 10 11 12 13 14 15 16 17 18 19 20 1 2 3 4 5 6
6 7 8 9 10 11 12 13 14 15 16 17 18 19 20 1 2 3 4 5
5 6 7 8 9 10 11 12 13 14 15 16 17 18 19 20 1 2 3 4
4 5 6 7 8 9 10 11 12 13 14 15 16 17 18 19 20 1 2 3
3 4 5 6 7 8 9 10 11 12 13 14 15 16 17 18 19 20 1 2
2 3 4 5 6 7 8 9 10 11 12 13 14 15 16 17 18 19 20 1
11 12 13 14 15 16 17 18 19 20 1 2 3 4 5 6 7 8 9 10

20
one_t
two_t
three_t
four_t
five_t
six_t
seven_t
eight_t
nine_t
ten_t
eleven_t
twelve_t
thirteen_t
fourteen_t
fifteen_t
sixteen_t
seventeen_t
eighteen_t
nineteen_t
twenty_t
1 2 3 4 5 6 7 8 9 10 11 12 13 14 15 16 17 18 19 20
2 1 3 4 5 6 7 8 9 10 11 12 13 14 15 16 17 18 19 20
3 2 1 4 5 6 7 8 9 10 11 12 13 14 15 16 17 18 19 20
4 2 3 1 5 6 7 8 9 10 11 12 13 14 15 16 17 18 19 20
5 2 3 4 1 6 7 8 9 10 11 12 13 14 15 16 17 18 19 20
6 2 3 4 5 1 7 8 9 10 11 12 13 14 15 16 17 18 19 20
7 2 3 4 5 6 1 8 9 10 11 12 13 14 15 16 17 18 19 20
8 2 3 4 5 6 7 1 9 10 11 12 13 14 15 16 17 18 19 20
9 2 3 4 5 6 7 8 1 10 11 12 13 14 15 16 17 18 19 20
10 2 3 4 5 6 7 8 9 1 11 12 13 14 15 16 17 18 19 20
11 2 3 4 5 6 7 8 9 10 1 12 13 14 15 16 17 18 19 20
12 2 3 4 5 6 7 8 9 10 11 1 13 14 15 16 17 18 19 20
13 2 3 4 5 6 7 8 9 10 11 12 1 14 15 16 17 18 19 20
14 2 3 4 5 6 7 8 9 10 11 12 13 1 15 16 17 18 19 20
15 2 3 4 5 6 7 8 9 10 11 12 13 14 1 16 17 18 19 20
16 2 3 4 5 6 7 8 9 10 11 12 13 14 15 1 17 18 19 20
17 2 3 4 5 6 7 8 9 10 11 12 13 14 15 16 1 18 19 20
18 2 3 4 5 6 7 8 9 10 11 12 13 14 15 16 17 1 19 20
19 2 3 4 5 6 7 8 9 10 11 12 13 14 15 16 17 18 1 20
20 2 3 4 5 6 7 8 9 10 11 12 13 14 15 16 17 18 19 1

20
one_
two_
three_
four_
five_
six_
seven_
eight_
nine_
ten_
eleven_
twelve_
thirteen_
fourteen_
fifteen_
sixteen_
seventeen_
eighteen_
nineteen_
twenty_
2 1 3 4 5 6 7 8 9 10 11 12 13 14 15 16 17 18 19 20
2 1 3 4 5 6 7 8 9 10 11 12 13 14 15 16 17 18 19 20
2 1 3 4 5 6 7 8 9 10 11 12 13 14 15 16 17 18 19 20
2 1 3 4 5 6 7 8 9 10 11 12 13 14 15 16 17 18 19 20

5
Adam Nettel
Glenn Downing
Donald Trump
Barack Obama
Rand Paul
1 2 3 4 5
1 3 2 5 4
1 3 4 2 5
2 5 3 4 1
2 4 3 5 1
2 4 1 3 5
5 1 4 3 2
4 1 2 5 3

2
AAA
BBB
1 2
2 1

5
aa
bb
cc
dd
ee
1 2 3 4 5
1 3 2 5 4
1 3 4 2 5
2 5 3 4 1
2 4 3 5 1
2 5 4 3 1
5 4 3 2 1