18

4
Test 1
Test 2
Test 3
Test 4
1 2 3 4
2 3 1 4
3 2 1 4
1 3 4 2
2 1 3 4

5
Test 1
Test 2
Test 3
Test 4
Test 5
2 1 3 4 5
3 1 5 4 2
4 2 3 1 5
3 2 4 5 1
2 4 3 1 5
4 5 2 1 3

5
Test 1
Test 2
Test 3
Test 4
Test 5
2 1 3 4 5
3 1 5 4 2
4 2 3 1 5
3 2 4 5 1
4 2 3 1 5
4 5 2 1 3

5
Test 1
Test 2
Test 3
Test 4
Test 5
2 1 5 4 3
3 1 5 4 2
4 2 3 1 5
3 2 4 5 1
4 2 3 1 5
4 5 2 1 3

5
Test 1
Test 2
Test 3
Test 4
Test 5
4 3 2 1 5
2 1 3 4 5
3 1 4 2 5
1 2 3 4 5
5 4 3 2 1

6
Test 1
Test 2
Test 3
Test 4
Test 5
Test 6
1 2 3 4 5 6
6 2 3 4 5 1
4 3 1 5 6 2
3 5 1 2 4 6
5 2 3 4 6 1
6 3 4 1 2 5
5 4 3 2 1 6
1 4 2 3 5 6
1 6 4 2 3 5
5 4 3 2 1 6
6 5 4 3 2 1
5 6 3 4 1 2

2
Pooja$$$$$$$$$$$$$$$$$$$$$$$$$$$$$$$$$$$$$$$$$$$$$$$$$$$$$$$$$$$$$$$$$$$$$$$$$$$
Jack
1 2
2 1

1
Pooja
1

3
Jack
Pooja
Hacker
1 2 3
2 1 3
2 1 3
1 2 3
3 2 1
1 2 3

3
Pooja
Jack
Hacker
1 2 3
1 2 3
2 1 3
2 1 3
3 2 1
3 2 1
3 2 1

3
Jack
Pooja
Hacker
3 2 1
3 1 2
3 2 1
3 1 2
2 1 3
2 1 3

4
heh13
bingo13
hacker
winner
1 2 3 4
1 2 3 4
1 2 3 4
1 2 3 4
4 3 2 1
4 3 2 1
4 3 2 1
4 3 2 1
4 3 2 1
2 1 3 4

4
heh13
bingo13
hacker
winner
1 2 3 4
1 4 3 2
2 1 4 3
2 3 1 4
4 3 2 1
4 3 2 1
4 1 2 3
3 4 2 1
3 4 2 1
3 1 2 3

4
heh13
bingo13
hacker
winner
1 2 3 4
1 4 3 2
1 2 4 3
2 3 1 4
2 3 4 1
4 3 2 1
4 1 2 3
4 2 1 3
3 4 2 1
3 4 2 1
3 1 2 3

4
heh13
bingo13
hacker
winner
1 2 4 3
1 4 2 3
1 4 2 3
2 1 4 3
2 1 4 3
4 1 2 3
3 4 2 1
3 1 2 4
3 4 2 1
3 4 2 1
3 1 2 3

4
heh13
bingo13
hacker
winner
1 2 4 3
1 4 2 3
1 4 2 3
2 1 4 3
2 4 1 3
4 1 2 3
3 4 2 1
3 1 2 4
3 4 2 1
3 4 2 1
3 1 2 3

4
heh13
bingo13
hacker
winner
1 2 4 3
1 4 2 3
1 4 2 3
2 1 4 3
2 4 3 1
4 1 2 3
3 4 2 1
3 1 2 4
3 4 2 1
3 4 2 1
3 1 2 3

10
A
B
C
D
E
F
G
H
I
J
10 9 8 7 6 5 4 3 2 1
10 9 8 7 6 5 4 3 2 1
10 9 8 7 6 5 4 3 2 1
10 9 8 7 6 5 4 3 2 1
10 9 8 7 6 5 4 3 2 1
10 9 8 7 6 5 4 3 2 1
