6

3
John Doe
Jane Smith
Sirhan Sirhan
1 2 3
2 1 3
2 3 1
1 2 3
3 1 2

2
Sirhan Sirhan
Nahris Nahris
1 2
2 1
1 2
2 1
1 2
2 1
1 2
2 1

10
Mickey
Minnie
Daisy
Donald
Pluto
Goofy
Max
Clarabelle
Pete
Mortimer
1 2 3 4 5 6 7 8 9 10
2 3 4 5 6 7 8 9 10 1
3 4 5 6 7 8 9 10 1 2
4 5 6 7 8 9 10 1 2 3
5 6 7 8 9 10 1 2 3 4
6 7 8 9 10 1 2 3 4 5
7 8 9 10 1 2 3 4 5 6
8 9 10 1 2 3 4 5 6 7
9 10 1 2 3 4 5 6 7 8
10 1 2 3 4 5 6 7 8 9

10
Mickey
Minnie
Daisy
Donald
Pluto
Goofy
Max
Clarabelle
Pete
Mortimer
1 2 3 4 5 6 7 8 9 10
2 3 4 5 6 7 8 9 10 1
3 4 5 6 7 8 9 10 1 2
4 5 6 7 8 9 10 1 2 3
5 6 7 8 9 10 1 2 3 4
6 7 8 9 10 1 2 3 4 5
7 8 9 10 1 2 3 4 5 6
8 9 10 1 2 3 4 5 6 7
9 10 1 2 3 4 5 6 7 8
10 1 2 3 4 5 6 7 8 9
1 2 3 4 5 6 7 8 9 10
2 3 4 5 6 7 8 9 10 1
3 4 5 6 7 8 9 10 1 2
4 5 6 7 8 9 10 1 2 3
5 6 7 8 9 10 1 2 3 4
6 7 8 9 10 1 2 3 4 5
7 8 9 10 1 2 3 4 5 6
8 9 10 1 2 3 4 5 6 7
9 10 1 2 3 4 5 6 7 8
1 2 3 4 5 6 7 8 9 10
2 3 4 5 6 7 8 9 10 1
3 4 5 6 7 8 9 10 1 2
4 5 6 7 8 9 10 1 2 3
5 6 7 8 9 10 1 2 3 4
6 7 8 9 10 1 2 3 4 5
7 8 9 10 1 2 3 4 5 6
8 9 10 1 2 3 4 5 6 7
1 2 3 4 5 6 7 8 9 10
2 3 4 5 6 7 8 9 10 1
3 4 5 6 7 8 9 10 1 2
4 5 6 7 8 9 10 1 2 3
5 6 7 8 9 10 1 2 3 4
6 7 8 9 10 1 2 3 4 5
7 8 9 10 1 2 3 4 5 6
1 2 3 4 5 6 7 8 9 10
2 3 4 5 6 7 8 9 10 1
3 4 5 6 7 8 9 10 1 2
4 5 6 7 8 9 10 1 2 3
5 6 7 8 9 10 1 2 3 4
6 7 8 9 10 1 2 3 4 5
1 2 3 4 5 6 7 8 9 10
2 3 4 5 6 7 8 9 10 1
3 4 5 6 7 8 9 10 1 2
4 5 6 7 8 9 10 1 2 3
5 6 7 8 9 10 1 2 3 4
1 2 3 4 5 6 7 8 9 10
2 3 4 5 6 7 8 9 10 1
3 4 5 6 7 8 9 10 1 2
4 5 6 7 8 9 10 1 2 3
1 2 3 4 5 6 7 8 9 10
2 3 4 5 6 7 8 9 10 1
3 4 5 6 7 8 9 10 1 2
1 2 3 4 5 6 7 8 9 10
2 3 4 5 6 7 8 9 10 1

3
The Dubya
The Inconvenient Truther
The Democrat GreNader
1 2 3
1 2 3
2 1 3
1 2 3
3 2 1
2 1 3
3 2 1
1 2 3
1 2 3
2 1 3
2 1 3
1 2 3
3 1 2
1 2 3
3 2 1
1 2 3
2 1 3
1 2 3
3 2 1
1 2 3
2 1 3
2 1 3
3 2 1
1 2 3
2 1 3

1
Vladmir Putin
1
1
1
1
1
1
1
1
1
1