8

3
John Doe
Jane Smith
Sirhan Sirhan
1 2 3
2 1 3
2 3 1
1 2 3
3 1 2

3
John Doe
Jane Smith
Sirhan Sirhan
1 2 3
2 1 3
2 3 1
1 2 3
3 2 1

20
Lots
of
ballots
and
lots
of
candidates
in
this
election
to
hopefully
deal
with
multiple
redistributions
and
multiple
losers
yay
1 2 3 4 5 6 7 8 9 10 11 12 13 14 15 16 17 18 19 20 
15 5 11 8 6 19 13 20 14 7 9 17 10 12 4 2 16 1 3 18 
7 16 4 6 8 19 13 17 1 15 18 11 9 14 12 10 5 20 2 3 
4 13 16 18 14 11 6 20 3 12 5 9 8 10 17 15 19 7 2 1 
13 1 8 6 16 15 18 5 19 10 7 3 12 17 2 4 14 9 11 20 
7 16 2 8 12 11 10 5 13 19 4 6 9 17 3 20 14 1 18 15 
16 11 10 18 17 6 15 9 4 7 12 13 1 2 8 5 3 19 20 14 
5 17 20 19 14 12 9 8 10 6 13 16 7 1 11 15 18 4 2 3 
17 20 16 15 6 7 5 18 3 9 12 14 8 19 4 10 13 11 1 2 
1 16 5 17 14 6 19 9 13 12 11 3 8 18 10 15 2 20 7 4 
9 19 5 2 13 14 10 15 3 20 7 12 17 8 18 16 11 6 4 1 
2 10 20 9 6 3 17 8 12 11 19 4 13 14 7 15 5 18 1 16 
20 14 16 2 13 7 5 1 17 6 19 15 11 9 12 18 8 10 3 4 
19 14 13 20 3 4 1 7 5 8 12 6 10 11 15 9 17 18 2 16 
5 10 7 12 19 17 2 3 4 1 18 6 15 20 14 13 11 8 9 16 
15 14 4 20 18 13 9 2 7 16 19 8 17 5 6 10 1 12 11 3 
6 13 17 15 4 9 2 12 7 14 11 8 3 1 19 18 5 10 16 20 
7 2 18 16 20 12 17 19 6 1 3 10 15 13 8 4 9 5 11 14 
13 6 14 1 19 18 12 8 10 15 17 7 20 9 3 2 4 16 11 5 
8 1 10 6 18 11 19 17 4 15 13 20 14 16 5 12 9 7 2 3 
17 9 6 12 1 19 7 11 10 18 5 13 2 20 8 4 3 14 15 16 
7 8 4 18 13 5 3 20 16 17 2 1 6 12 9 19 10 15 11 14 
11 6 17 1 15 8 12 7 9 14 19 2 16 13 10 4 5 3 20 18 
4 9 19 13 17 14 6 11 5 1 12 18 16 20 8 15 3 10 7 2 
7 8 12 14 6 10 17 1 5 9 20 18 19 4 11 3 15 16 13 2 
17 7 15 14 8 13 16 4 1 5 6 11 20 3 2 10 19 9 12 18 
9 4 13 14 12 6 17 3 10 7 11 15 18 20 16 8 19 1 5 2 
9 15 14 18 12 19 11 3 20 8 16 2 5 13 7 10 6 17 1 4 
16 8 5 1 20 19 17 10 3 6 11 9 15 4 12 7 2 13 14 18 
10 8 20 3 14 4 16 17 9 11 6 18 15 1 13 7 2 5 12 19 
5 2 19 14 13 18 3 17 4 12 8 15 6 1 16 10 7 20 9 11 
16 15 7 18 4 3 6 13 19 20 9 12 11 14 17 1 8 5 2 10 
14 13 15 4 9 11 7 6 10 5 16 1 3 2 12 20 19 18 8 17 
11 13 3 15 7 8 12 5 1 16 4 18 14 6 17 10 9 2 20 19 
4 20 6 13 1 16 12 10 19 17 5 11 7 14 2 8 3 9 15 18 
1 13 7 12 9 4 16 17 8 14 19 6 15 5 10 3 18 2 20 11 
14 13 2 15 20 6 18 10 9 7 5 3 4 11 1 8 12 17 16 19 
19 1 15 9 14 6 8 2 13 4 10 5 18 3 12 11 7 20 17 16 
13 14 19 20 9 16 18 3 2 17 8 6 4 15 12 1 7 10 5 11 
13 16 2 14 18 12 3 4 1 6 19 15 5 17 10 20 11 8 7 9 
11 9 4 12 2 3 16 17 7 5 13 1 19 15 6 10 18 14 20 8 
14 5 7 12 10 17 18 13 6 11 15 19 8 3 16 2 1 9 20 4 
11 9 20 6 16 7 10 17 14 13 18 19 4 12 15 8 2 3 1 5 
20 18 15 19 9 3 8 1 17 2 7 4 12 6 13 14 16 10 11 5 
6 7 14 4 20 12 15 19 17 5 3 10 16 8 2 9 13 1 18 11 
11 7 5 2 12 4 3 1 16 19 18 20 13 14 15 6 9 8 10 17 
9 6 4 13 19 20 15 2 17 12 3 10 16 8 7 5 11 14 1 18 
20 5 13 6 14 15 8 12 18 17 19 10 4 16 1 9 11 7 2 3 
16 12 3 14 20 7 4 19 15 18 5 17 8 11 1 10 6 9 2 13 
7 4 11 9 19 6 3 13 1 15 10 2 20 16 5 17 18 14 12 8 
3 8 7 20 13 14 6 15 16 17 1 18 10 4 11 12 5 19 9 2 
20 19 16 7 15 17 1 3 10 8 14 4 18 2 9 5 12 6 11 13 
17 11 7 16 14 12 2 1 10 15 5 9 8 6 13 3 19 4 20 18 
5 9 15 17 16 19 18 6 4 1 11 8 20 7 2 14 12 3 13 10 
13 11 20 15 5 1 2 14 16 7 18 12 8 4 3 19 17 9 6 10 
13 20 17 16 6 5 10 19 11 2 7 15 9 8 3 18 1 14 12 4 
5 8 20 10 6 16 13 9 11 2 3 15 12 17 14 18 1 7 4 19 

2
Hadi
Kat
1 2
2 1
1 2
2 1
1 2
2 1

3
It's
A
Tie
1 2 3
1 2 3
1 2 3
2 3 1
2 3 1
2 3 1
3 1 2
3 1 2
3 1 2

10
Instant
Winner
In 
This
Election
F
G
H
I
J
5 4 3 2 1 6 7 8 9 10
5 4 3 2 1 6 7 8 9 10
5 4 3 2 1 6 7 8 9 10
5 4 3 2 1 6 7 8 9 10
5 4 3 2 1 6 7 8 9 10
5 4 3 2 1 6 7 8 9 10

1
Lonely
1

3
Redistribution
Test
Again
1 2 3
1 2 3
2 3 1
2 3 1
3 2 1