4

3
a
b
c
1 2 3
2 3 1
3 1 2

4
apple
banana
cody
duck
1 2 3 4
1 3 2 4
2 1 3 4
4 3 2 1
2 3 4 1
3 4 1 2
3 4 1 2

5
Austin
New York
San Francisco
Los Angeles
Seattle
1 3 2 4 5
1 4 2 3 5
1 5 3 4 2
2 3 1 4 5
2 4 3 5 1
5 2 3 1 4
4 2 1 3 5
4 2 3 1 5

20
Waylon Dalton
Justine Henderson
Abdullah Lang
Marcus Cruz
Thalia Cobb
Mathias Little
Eddie Randolph
Angela Walker
Lia Shelton
Hadassah Hartman
Joanna Shaffer
Jonathon Sheppard
Isabela Marsh
Eliana Weiss
Memphis Preston
Jordin Kirby
Lane Wiggins
Dominick Foster
Kailyn Sosa
Rowan Bowers
15 3 8 20 7 6 1 10 11 4 19 14 13 5 18 16 2 17 9 12 
12 15 1 8 2 10 20 13 5 3 19 17 18 14 11 16 4 6 9 7 
20 2 15 16 6 10 18 19 3 8 13 11 1 7 9 12 14 4 5 17 
14 15 8 9 1 17 19 3 13 18 11 10 5 6 20 4 7 2 16 12 
9 1 7 14 13 6 16 18 5 8 12 15 4 11 2 20 17 10 19 3 
3 12 15 2 18 19 17 8 1 5 9 4 11 6 7 16 10 14 20 13 
9 18 17 5 15 16 13 1 3 4 8 14 7 11 10 20 6 12 19 2 
8 18 16 1 12 4 11 19 14 13 6 9 15 17 2 3 5 20 7 10 
8 14 6 15 12 7 10 19 13 1 9 3 18 20 2 5 4 11 16 17 
18 7 4 6 9 2 1 13 8 17 12 5 20 11 14 19 16 10 3 15 
16 5 2 10 6 1 19 8 12 13 18 14 7 11 15 3 20 4 9 17 
7 4 20 8 12 2 6 3 15 13 19 17 16 5 18 11 10 9 14 1 
11 7 9 14 10 18 5 8 3 16 4 1 17 2 12 19 6 20 13 15 
13 16 7 3 5 11 15 2 19 6 17 10 14 20 4 8 9 1 12 18 
2 13 9 8 17 14 18 4 12 20 10 6 15 11 1 16 3 19 5 7 
1 6 18 13 3 19 11 9 8 20 16 7 4 12 2 14 5 17 10 15 
3 13 15 5 19 8 20 6 18 7 11 10 9 2 12 17 1 4 14 16 
12 3 5 9 10 1 6 15 16 4 11 18 17 8 20 2 19 13 14 7 
14 18 3 6 13 17 4 7 1 2 8 20 10 15 19 16 12 9 11 5 
17 20 6 7 3 4 1 15 2 5 11 18 16 9 8 19 13 10 14 12 
18 8 19 11 14 1 10 15 17 13 2 9 6 4 3 16 12 7 20 5 
9 1 8 18 19 4 5 2 10 6 15 16 20 17 12 13 3 7 11 14 
19 4 15 3 12 11 16 17 2 18 8 6 9 13 5 20 14 7 10 1 
16 1 10 2 11 18 4 14 13 9 8 19 3 15 17 20 7 6 5 12 
18 8 11 20 15 17 9 6 19 7 14 4 16 2 3 13 12 10 5 1 
1 15 19 17 5 20 2 16 10 3 18 6 9 11 8 4 7 12 13 14 
3 13 1 2 8 5 17 10 4 14 19 16 6 9 12 18 15 7 20 11 
19 11 7 16 1 6 14 12 10 17 4 8 2 13 20 5 3 15 18 9 
16 1 14 10 18 5 11 12 8 15 20 3 17 13 19 9 4 2 6 7 
4 12 19 9 17 10 18 3 8 2 1 11 14 5 15 6 13 16 7 20 
6 16 1 5 2 8 17 12 18 10 20 11 7 13 14 19 15 9 3 4 
16 1 9 3 14 4 6 10 2 7 12 20 15 8 13 19 5 18 11 17 
4 7 8 13 15 18 3 2 10 14 9 20 11 12 19 6 5 1 16 17 
1 20 19 11 12 4 9 15 6 16 7 3 18 13 14 17 8 2 5 10 
10 16 20 1 6 19 17 18 8 15 7 5 9 3 11 2 14 13 12 4 
4 20 19 14 9 3 18 5 6 15 8 17 11 1 7 10 16 2 12 13 
14 5 1 2 11 4 15 16 10 18 17 8 7 9 13 20 19 3 6 12 
9 18 1 7 16 20 10 8 19 14 11 12 6 3 15 2 17 13 4 5 
4 1 16 14 5 15 8 17 6 11 20 19 12 18 10 7 2 13 3 9 
1 14 19 17 10 16 13 4 8 6 7 12 3 5 2 9 15 18 11 20 
8 15 20 4 1 17 18 10 6 14 3 5 11 19 13 12 7 9 16 2 
20 9 14 17 8 1 5 7 15 11 2 13 16 18 10 12 6 3 19 4 
5 15 7 8 14 13 3 11 10 17 19 4 16 2 20 12 18 1 6 9 
5 3 15 7 6 16 20 8 11 4 18 1 2 14 10 12 17 9 13 19 
11 4 16 7 15 5 17 19 3 12 18 14 20 9 2 6 8 10 13 1 
7 4 17 13 16 9 20 5 14 6 12 15 3 11 19 8 2 10 18 1 
14 5 17 4 12 1 18 10 13 7 3 6 9 8 16 20 15 19 2 11 
2 15 11 6 7 14 13 10 9 17 16 8 12 5 20 1 4 18 3 19 
5 17 14 12 19 6 18 9 8 13 4 2 11 1 10 15 3 16 20 7 
4 11 15 16 13 2 17 5 3 20 14 8 6 10 1 12 19 9 7 18 
1 3 8 13 14 12 20 10 11 18 5 6 7 19 9 2 17 16 4 15 
10 5 3 17 1 19 8 16 4 12 6 14 18 13 2 11 20 15 7 9 
6 18 16 7 9 19 4 13 12 10 14 11 15 1 17 8 2 5 3 20 
1 12 11 8 9 20 19 6 3 7 17 10 15 14 13 18 2 4 5 16 
2 1 5 10 13 20 6 14 3 19 12 15 7 9 16 8 18 17 11 4 
7 4 5 15 18 9 13 10 6 14 17 2 19 1 12 11 20 3 8 16 
6 19 5 12 11 14 10 15 8 13 16 4 17 18 7 9 3 20 2 1 
19 1 20 12 4 15 7 11 8 16 14 6 2 13 9 18 3 5 10 17 
20 13 19 9 15 4 6 10 11 8 14 3 1 17 12 18 16 2 7 5 
18 5 16 6 20 8 3 13 10 9 11 15 12 2 1 19 7 17 14 4 
6 1 20 17 12 19 9 3 4 7 14 16 10 15 13 11 8 2 5 18 
12 1 16 10 8 13 2 4 5 6 17 9 20 15 18 3 19 7 11 14 
12 13 14 9 1 6 19 5 2 18 16 3 17 20 10 11 15 4 7 8 
9 17 10 18 16 7 2 19 13 1 8 12 20 3 14 4 15 11 6 5 
2 16 11 14 5 3 17 4 7 1 10 6 12 13 15 20 19 9 18 8 
7 4 20 2 17 3 9 8 15 10 18 6 11 19 1 14 16 12 5 13 
10 4 16 5 19 11 18 12 2 8 7 9 20 6 13 3 15 1 17 14 
6 16 9 3 8 1 2 10 19 18 13 15 17 20 5 14 4 11 12 7 
7 14 8 1 19 11 17 4 9 16 15 20 5 12 13 18 6 2 3 10 
3 9 16 2 6 1 14 7 18 5 10 17 15 11 8 19 20 12 4 13 
19 1 11 4 15 20 14 16 5 3 17 13 6 2 18 10 9 7 12 8 
10 15 20 19 7 4 1 14 9 8 6 18 12 16 17 3 5 11 13 2 
2 13 16 6 17 7 10 9 15 12 1 5 4 3 11 14 20 8 18 19 
15 4 5 8 18 7 20 1 12 3 17 19 2 14 10 9 11 16 13 6 
19 2 16 17 5 1 6 18 10 20 4 3 7 9 12 11 14 15 13 8 
2 3 15 20 13 4 11 9 1 6 18 12 8 7 14 17 19 5 10 16 
2 5 13 18 3 15 14 10 1 16 7 20 4 6 9 12 8 11 17 19 
16 5 4 13 9 12 8 18 6 2 7 3 15 10 19 1 11 20 17 14 
12 11 3 13 7 2 6 9 17 10 16 20 8 14 4 15 18 1 5 19 
5 8 3 11 18 10 4 2 7 19 12 20 6 14 13 16 1 9 17 15 
2 12 14 18 8 1 10 7 11 9 6 15 3 19 13 20 17 5 4 16 
14 17 1 19 20 16 3 12 4 5 18 11 8 10 6 2 7 9 13 15 
10 11 14 15 16 2 19 3 6 1 20 8 18 5 13 4 12 17 7 9 
2 18 11 3 14 13 5 10 6 4 1 20 8 19 12 9 16 17 15 7 
1 2 6 5 16 3 14 11 13 19 18 10 12 4 20 7 15 17 8 9 
1 12 11 20 7 6 19 10 15 4 16 8 17 18 2 13 5 9 14 3 
2 11 14 10 13 1 18 4 19 3 7 20 5 6 16 9 12 15 8 17 
9 3 5 11 18 10 16 2 4 8 20 7 19 17 1 6 15 12 13 14 
9 4 6 16 20 10 19 7 3 11 18 8 1 13 14 12 5 2 17 15 
8 12 9 4 15 14 20 11 13 1 7 16 2 18 5 10 17 3 6 19 
12 10 5 20 19 7 9 4 1 6 13 8 2 11 16 15 3 17 14 18 
6 5 16 8 4 3 15 10 13 19 17 14 7 1 2 12 20 11 9 18 
15 10 4 12 11 16 17 6 13 18 1 20 5 8 7 2 9 3 19 14 
19 5 1 18 13 9 16 2 20 17 10 11 7 14 3 6 4 8 12 15 
6 16 9 8 15 10 4 12 1 19 7 3 14 13 18 20 17 2 11 5 
14 12 6 1 2 3 5 19 13 18 11 16 17 4 8 10 15 9 20 7 
20 9 8 16 13 7 6 1 5 2 18 14 11 10 17 15 19 3 12 4 
15 18 4 5 1 20 9 2 6 3 10 7 12 8 16 13 14 17 19 11 
11 2 3 4 14 6 10 13 16 15 9 8 1 20 5 18 12 7 17 19 
16 6 14 2 1 13 17 4 19 9 5 15 11 8 12 7 3 10 20 18 
