7

4
Kyle
Kevin
Richard
Bach
1 2 3 4
2 1 3 4
3 1 2 4
4 1 2 3

3
Kyle
Kevin 
Jim
1 2 3
1 2 3
1 2 3
1 2 3
2 3 1
2 1 2
2 3 1
3 2 1
3 2 1

5
Kyle
Kevin 
Jim
Lick
Gum
1 2 3 4 5
1 2 3 4 5
1 2 3 4 5
1 2 3 4 5
1 2 3 4 5
1 3 2 4 5
1 3 2 4 5
1 3 2 4 5
1 3 2 4 5
1 3 2 4 5
2 1 4 3 5
2 1 4 3 5
2 1 4 3 5
2 1 4 3 5
2 1 4 3 5
2 1 4 3 5
2 1 4 3 5
2 1 4 3 5
2 1 4 3 5
3 1 2 4 5
3 1 2 4 5
3 1 2 4 5
3 1 2 4 5
3 1 2 4 5
3 1 2 4 5
3 1 2 4 5
3 1 2 4 5
4 2 1 3 5
4 2 1 3 5
5 3 1 2 4
5 3 1 2 4
5 3 1 2 4

5
Kyle
Kevin 
Jim
Lick
Gum
1 2 3 4 5
1 2 3 4 5
2 3 4 5 1
3 2 5 4 1
4 3 2 5 1
5 2 3 4 1

20
a
b
c
d
e
f
g
h
i
j
k
l
m
n
o
p
q
r
s
t
1 2 3 4 5 6 7 8 9 10 11 12 13 14 15 16 17 18 19 20
2 1 3 4 5 6 7 8 9 10 11 12 13 14 15 16 17 18 19 20
3 2 1 4 5 6 7 8 9 10 11 12 13 14 15 16 17 18 19 20
4 1 2 3 5 6 7 8 9 10 11 12 13 14 15 16 17 18 19 20

4
Kyle
Eric
Kevin
Fourth
1 2 3 4
1 2 3 4
1 2 3 4
4 2 1 3
4 2 1 3
3 2 1 4
3 2 1 4

5
Kyle
Eric
Kevin
Fourth
Fifth
1 2 3 4 5
1 2 3 4 5
1 2 3 4 5
4 2 5 3 1
4 2 5 3 1
3 2 5 4 1
3 2 5 4 1