1

2
Johnny
Bob
1 2
1 2
2 1

1
Jen
1

4
Maya
Kothare
Kendall
Bowen
2 1 3 4
2 3 4 1
2 3 4 1
3 4 1 2
4 1 2 3
4 1 3 2

3
Anna
Jim
John
1 2 3
1 3 2
2 3 1
2 1 3
3 2 1

2
Bob
Builder
1 2
2 1

10
Chad
Kyle
Brad
Adam
Carter
Todd
Chase
Colin
Travis
Spencer
1 5 6 8 7 9 10 4 3 2
1 2 4 5 6 7 3 10 9 8
2 4 3 7 1 8 9 6 10 5
2 5 1 3 8 10 4 7 6 9
3 6 7 5 2 9 1 10 4 8
3 2 6 8 4 5 10 9 7 1
4 1 7 5 9 3 6 2 8 10
4 6 8 10 7 1 3 9 5 2
4 7 2 1 3 5 6 9 10 8
10 1 5 6 2 7 8 9 4 3

4
Fred
George
Ginny
Molly
1 3 2 4
1 3 2 4
1 3 2 4
1 3 2 4
1 3 2 4
1 3 2 4
1 3 2 4
1 3 2 4
1 3 2 4
1 3 2 4
1 3 2 4
2 3 4 1
2 3 4 1
2 3 4 1
2 3 4 1
2 3 4 1
2 3 4 1
2 3 4 1
2 3 4 1
2 3 4 1
2 3 4 1
4 2 3 1

7
Ashay
Neil
Austin
Nicole
Joey
Diego
Avni
1 2 3 4 5 6 7
2 1 4 5 6 7 3
4 5 2 6 7 1 3
1 5 7 6 3 2 4
4 3 5 6 2 7 1
1 2 3 4 5 7 6
3 5 4 6 7 2 1
1 3 2 4 5 7 6
6 7 4 5 3 2 1
4 3 2 5 6 7 1 
1 4 3 5 2 6 7
6 5 4 7 2 3 1
3 4 5 2 6 7 1
2 3 5 6 7 4 1
1 5 3 6 2 4 7
6 4 5 7 2 3 1
3 6 7 5 4 2 1
5 6 7 4 2 3 1
5 2 3 4 6 7 1
4 7 6 1 2 3 5
