5

3
John Doe
Jane Smith
Sirhan Sirhan
1 2 3
2 1 3
2 3 1
1 2 3
3 1 2

5
aa(1)
bb(2)
cc(3)
dd(4)
ee(5)
3 5 2 1 4
5 3 2 4 1
2 4 1 5 3
1 5 3 2 4
4 2 1 5 3

5
aa(1)
bb(2)
cc(3)
dd(4)
ee(5)
3 5 2 1 4
5 3 2 4 1
2 4 1 5 3
1 5 3 2 4
4 2 1 5 3
4 3 2 5 1
3 4 2 1 5
1 3 5 2 4
2 4 3 5 1
2 4 5 3 1
1 2 3 4 5
2 3 4 5 1

7
AA(1)
BB(2)
CC(3)
DD(4)
EE(5)
FF(6)
GG(7)
1 2 3 4 5 6 7
2 5 4 3 1 7 6
3 4 2 1 5 6 7
7 4 3 2 1 6 5
6 3 2 1 7 5 4
3 5 4 2 1 7 6
2 1 3 5 4 7 6
2 1 3 7 5 6 4
1 3 4 2 5 7 6
1 5 4 3 7 2 6
3 5 2 7 6 4 1

20
AA(1)
BB(2)
CC(3)
DD(4)
EE(5)
FF(6)
GG(7)
HH(8)
II(9)
JJ(10)
KK(11)
LL(12)
MM(13)
NN(14)
OO(15)
PP(16)
QQ(17)
RR(18)
SS(19)
TT(20)
1 2 3 4 5 6 7 8 9 10 11 12 13 14 15 16 17 18 19 20
17 18 19 20 8 13 14 5 4 3 1 15 11 12 16 7 2 6 9 10
15 16 8 9 3 20 4 10 11 2 1 12 13 18 19 14 5 6 7 17
17 13 14 7 12 20 4 3 11 10 2 8 15 16 1 9 6 5 17 19
12 6 11 3 10 2 18 19 20 9 1 13 17 14 8 7 5 16 4 15
19 20 1 12 18 2 13 11 14 3 10 4 8 5 15 16 6 17 9 7
18 19 3 4 2 1 20 12 11 5 13 10 6 14 9 15 7 16 8 17
7 13 4 18 17 14 3 16 15 8 2 10 11 1 12 6 19 20 9 5
18 19 20 12 11 10 9 6 8 3 15 2 14 1 13 7 5 16 4 17
1 2 3 4 5 6 7 8 9 10 11 12 13 14 15 16 17 18 19 20
17 18 19 20 8 13 14 5 4 3 1 15 11 12 16 7 2 6 9 10
15 16 8 9 3 20 4 10 11 2 1 12 13 18 19 14 5 6 7 17
17 13 14 7 12 20 4 3 11 10 2 8 15 16 1 9 6 5 17 19
12 6 11 3 10 2 18 19 20 9 1 13 17 14 8 7 5 16 4 15
19 20 1 12 18 2 13 11 14 3 10 4 8 5 15 16 6 17 9 7
18 19 3 4 2 1 20 12 11 5 13 10 6 14 9 15 7 16 8 17
7 13 4 18 17 14 3 16 15 8 2 10 11 1 12 6 19 20 9 5
18 19 20 12 11 10 9 6 8 3 15 2 14 1 13 7 5 16 4 17
18 19 3 4 2 1 20 12 11 5 13 10 6 14 9 15 7 16 8 17
7 13 4 18 17 14 3 16 15 8 2 10 11 1 12 6 19 20 9 5
18 19 20 12 11 10 9 6 8 3 15 2 14 1 13 7 5 16 4 17
1 2 3 4 5 6 7 8 9 10 11 12 13 14 15 16 17 18 19 20
17 18 19 20 8 13 14 5 4 3 1 15 11 12 16 7 2 6 9 10
15 16 8 9 3 20 4 10 11 2 1 12 13 18 19 14 5 6 7 17
