7

13
a
b
c
d
e
f
g
h
i
j
k
l
m
13 8 6 7 5 9 2 10 1 12 4 11 3
7 11 9 4 12 1 8 10 5 13 2 6 3
10 8 5 9 13 11 4 1 6 3 7 12 2
7 1 13 4 9 5 2 6 8 10 3 12 11
3 11 5 13 2 6 7 4 1 12 9 10 8
7 12 5 11 8 4 1 6 2 3 9 13 10
5 10 4 3 12 8 1 9 2 11 6 7 13
8 9 2 4 5 6 11 1 12 7 3 10 13
9 11 5 6 1 12 7 3 10 2 8 4 13
5 11 8 4 6 13 10 2 9 12 1 3 7
10 5 1 6 11 4 8 3 13 2 9 7 12
10 12 8 1 5 4 6 7 3 2 9 13 11
2 4 9 8 10 11 1 6 12 3 5 7 13
9 6 7 1 5 4 2 8 13 3 10 12 11

14
a
b
c
d
e
f
g
h
i
j
k
l
m
n
12 1 11 2 13 6 10 3 14 7 4 8 9 5
14 13 7 5 1 10 8 6 12 11 4 9 2 3
12 8 14 13 1 9 3 7 6 2 10 4 11 5
12 4 1 11 13 6 5 14 3 10 9 8 7 2
14 10 2 1 4 12 6 8 7 11 9 13 5 3
2 11 13 6 4 10 3 1 8 12 5 14 7 9
5 2 14 1 8 13 10 11 12 7 3 6 4 9
12 7 6 3 9 8 5 1 4 11 13 10 2 14
3 11 6 13 14 12 7 4 9 2 8 1 5 10
8 2 5 6 13 3 11 14 10 1 12 7 4 9
5 13 3 12 9 6 14 1 11 7 10 2 4 8
6 10 1 8 9 7 14 4 13 2 12 5 11 3

15
a
b
c
d
e
f
g
h
i
j
k
l
m
n
o
2 8 1 13 5 12 10 14 4 11 6 3 7 15 9
11 3 8 14 13 9 2 10 15 7 5 4 6 12 1
7 11 15 5 2 1 10 3 13 6 9 8 12 14 4
14 8 10 11 13 6 4 15 1 5 7 12 3 9 2
4 11 1 6 8 7 13 12 5 10 9 2 14 3 15
7 15 5 10 13 3 12 2 11 9 8 4 14 6 1
2 12 11 6 14 10 1 3 15 7 13 4 5 8 9
13 9 11 5 12 3 8 6 10 2 14 4 7 15 1
3 8 9 5 11 12 13 2 1 15 10 7 14 6 4
13 11 3 7 4 12 14 10 8 9 1 6 15 5 2
6 2 3 1 9 11 10 15 12 13 7 14 4 8 5
15 13 4 7 9 14 11 10 1 5 2 12 8 3 6
10 3 11 1 6 5 2 4 13 15 14 9 12 7 8
1 4 12 11 3 8 15 14 9 7 5 13 6 2 10

15
a
b
c
d
e
f
g
h
i
j
k
l
m
n
o
14 6 7 11 12 10 9 5 2 13 3 15 4 1 8
14 10 9 7 12 15 2 1 8 5 3 4 13 6 11
12 6 9 5 8 11 15 3 1 13 14 4 7 10 2
3 7 2 9 13 1 6 4 14 5 8 12 10 11 15
1 12 2 7 8 11 3 6 15 14 10 13 5 9 4
13 11 9 4 6 12 7 1 5 15 14 10 3 8 2
1 5 6 13 2 4 8 15 7 12 14 11 3 9 10
9 8 1 6 2 4 14 7 3 13 5 11 10 12 15
4 5 11 13 8 14 1 9 3 15 2 7 6 10 12
14 1 2 4 11 8 3 7 9 15 10 12 6 13 5
6 7 15 4 9 10 5 13 14 11 12 3 8 1 2
9 7 13 15 10 2 4 12 11 8 1 14 5 3 6
8 5 15 7 13 3 11 9 4 1 6 2 12 10 14
15 11 12 9 7 1 10 2 3 13 5 4 6 14 8

17
a
b
c
d
e
f
g
h
i
j
k
l
m
n
o
p
q
1 9 2 11 16 17 5 8 4 13 3 12 10 15 14 7 6
14 4 15 7 17 1 9 13 12 10 5 11 16 3 2 8 6
12 3 5 4 2 7 1 14 10 9 17 8 6 11 16 13 15
5 12 16 9 3 14 7 13 15 17 11 2 4 8 1 10 6
17 12 13 8 4 11 1 14 9 7 16 3 2 15 5 6 10
14 9 7 12 17 3 10 1 5 11 8 13 16 4 2 6 15
5 16 11 13 14 3 9 15 17 10 7 6 1 2 8 4 12
14 12 13 7 3 10 16 17 9 8 4 6 15 5 1 2 11
9 11 16 8 4 5 13 15 10 17 2 7 1 3 12 14 6
8 16 13 14 10 9 2 6 15 3 4 5 1 7 11 17 12
11 13 1 10 6 16 5 14 9 2 12 3 7 4 15 17 8
6 11 14 15 4 16 8 7 2 3 17 9 12 5 10 13 1
13 3 14 9 2 8 1 17 12 10 7 16 4 11 15 5 6
2 13 5 12 8 15 11 10 1 7 3 4 14 17 9 6 16
11 1 3 15 8 2 10 5 6 14 17 13 4 9 16 7 12
6 14 13 2 8 10 12 5 1 11 17 15 16 9 4 7 3
4 6 13 2 8 5 7 9 16 3 14 15 17 1 10 12 11
9 11 4 7 16 13 12 1 6 8 3 14 15 10 5 2 17
9 15 2 11 8 17 16 4 5 12 6 13 14 10 7 3 1

10
a
b
c
d
e
f
g
h
i
j
10 5 8 3 1 2 7 9 4 6
10 7 1 3 6 2 5 4 8 9
8 10 1 9 5 6 7 2 4 3
3 9 2 1 5 10 8 4 7 6
4 3 7 8 5 2 1 6 10 9
7 8 6 1 10 9 3 2 5 4
4 3 9 6 5 1 10 8 7 2
9 5 6 1 2 3 4 7 8 10
6 8 5 2 3 1 9 10 7 4
2 1 5 6 3 9 8 7 10 4
2 1 8 9 5 4 7 6 10 3
9 5 7 2 3 8 1 4 6 10
7 10 4 5 1 9 6 2 3 8
1 2 7 8 5 3 10 9 6 4

9
a
b
c
d
e
f
g
h
i
4 5 6 3 7 8 1 2 9
9 2 8 1 3 4 6 5 7
6 1 7 4 5 9 2 8 3

