7

3
Dog
Cat
Pig
1 3 2
1 2 3
1 2 3
1 3 2
2 1 3
1 2 3
1 2 3
1 3 2
3 1 2

3
Dog
Cat
Pig
1 2 3
1 2 3
3 2 1
1 2 3
1 2 3
2 1 3
2 1 3
2 1 3
3 2 1

3
Dog
Cat
Pig
1 2 3
1 2 3
1 2 3
2 1 3
2 1 3
3 2 1

5
Jerry
Rick
Morty
Summer
Beth
3 5 4 2 1
3 2 4 5 1
4 3 1 5 2
5 3 1 2 4
2 1 5 4 3
4 3 5 1 2
1 3 4 5 2
2 1 3 5 4
2 3 5 4 1
1 3 2 4 5
1 5 4 3 2
2 3 1 5 4
1 3 2 4 5
1 2 3 4 5
3 1 2 4 5

2
Big Guy
Smart Guy
2 1

3
Skylar
Tiffany
Matthew
1 2 3
1 2 3
1 3 2
1 3 2
2 1 3
2 1 3
2 3 1
2 3 1
3 1 2
3 1 2
3 2 1
3 2 1

6
Me
You
She
He
They
Them
4 3 1 2 5 6
1 2 3 4 5 6
1 2 3 4 5 6
1 2 3 4 5 6
4 2 1 3 5 6
3 1 2 4 5 6
1 2 3 4 5 6
2 4 1 3 5 6
3 4 2 1 5 6
2 1 3 4 5 6
2 3 1 4 5 6