8

11
Dave's Single
Dave's Double
Dave's Triple
Baconator
Son of a Baconator
Spicy Chicken Sandwich
Homestyle Chicken Sandwich
Asiago Ranch Chicken Club
Grilled Chicken Sandwich
10 Piece Crispy Chicken Nuggets
Chicken Tenders
11 2 3 6 1 7 9 8 5 4 10
5 4 7 6 9 1 10 11 2 3 8
6 5 3 2 1 10 8 4 11 9 7
9 11 8 7 6 5 4 3 10 1 2
5 11 7 6 8 3 10 1 9 2 4
2 11 6 9 4 5 10 1 3 7 8
2 11 3 7 6 1 4 9 10 8 5
11 3 10 9 7 5 1 8 6 4 2
8 2 9 1 10 6 3 7 11 4 5
8 1 7 9 6 4 10 5 11 3 2
9 4 11 7 10 1 8 6 5 2 3
2 3 1 10 6 11 5 9 7 4 8
11 5 1 10 6 8 4 7 9 3 2
1 11 6 2 4 7 10 9 5 8 3
10 8 4 6 7 5 2 11 1 3 9
11 2 7 8 10 1 4 3 6 5 9
7 4 10 2 11 1 8 5 3 9 6
1 9 2 7 11 5 4 10 3 8 6
8 6 1 2 9 4 10 3 11 7 5
11 7 1 9 4 3 5 6 10 2 8

4
why
am
I
awake
4 3 2 1
3 2 1 4
2 3 4 1
1 4 2 3
4 3 2 1
1 2 4 3
1 3 2 4

10
Big Mac
Grand Big Mac
Mac Jr.
Pico Guacamole
Sweet BBQ Bacon
Buttermilk Crispy Chicken
Artisan Grilled Chicken
Filet-O-Fish
HAPPY MEAL
Like... 10 orders of Fries
5 7 6 4 8 10 9 3 1 2
10 8 7 6 4 3 9 1 5 2
2 4 7 8 3 10 1 9 5 6
5 10 9 1 2 7 8 4 3 6
6 10 2 3 8 7 1 4 5 9
4 7 9 6 5 2 3 8 1 10
8 4 5 1 3 6 10 7 9 2
2 1 3 5 7 4 10 8 6 9
6 3 9 10 4 1 2 8 5 7
4 6 2 7 9 3 8 1 5 10
5 6 10 1 7 3 4 2 9 8
9 4 8 3 10 6 5 7 1 2
6 1 8 7 4 5 3 2 10 9
10 1 6 2 3 9 7 8 4 5
10 7 3 9 1 8 2 6 4 5
5 1 8 10 9 2 6 7 3 4
3 6 2 4 9 5 7 8 10 1
8 10 9 6 1 5 2 7 4 3
3 4 8 1 10 7 9 5 2 6
8 10 4 5 9 3 7 6 1 2
4 10 3 8 2 1 7 9 6 5
6 5 1 4 9 8 2 3 10 7
2 4 8 3 10 5 6 9 7 1
2 3 6 10 1 9 4 5 7 8
4 6 9 10 3 7 5 1 2 8
3 4 5 7 8 2 6 9 10 1
6 10 5 2 8 1 7 4 9 3
3 10 4 1 7 8 5 9 6 2
4 8 3 6 1 5 9 7 10 2
7 4 6 9 5 10 2 8 1 3
5 2 1 4 3 7 8 10 9 6
3 5 4 10 2 7 6 8 9 1
2 4 8 1 7 9 3 10 5 6
9 1 7 5 4 2 3 8 10 6
3 2 4 9 5 8 1 10 7 6
8 9 10 3 2 6 4 5 7 1
10 6 9 8 1 4 7 3 2 5
10 7 5 4 8 1 3 6 2 9
6 9 8 2 10 4 1 7 3 5
2 9 10 5 4 7 8 3 1 6

5
I
Think
I'm
Hungry
Lol
5 4 1 2 3
5 2 4 3 1
4 5 1 2 3
2 4 1 5 3
1 5 4 3 2
3 1 4 2 5
2 3 1 5 4
1 2 5 3 4
5 3 1 2 4
4 5 2 1 3
2 3 4 5 1
1 5 4 3 2
1 3 2 5 4
3 4 1 5 2
4 2 3 1 5
4 3 5 2 1
3 4 2 5 1
2 3 1 4 5
1 3 2 4 5
3 5 1 2 4
3 5 2 4 1
2 1 3 4 5
1 3 4 5 2
1 3 5 2 4
5 2 3 1 4
4 2 5 1 3
1 2 4 5 3
3 5 1 4 2
5 1 4 3 2
1 4 3 2 5
5 4 1 3 2
2 4 5 3 1
1 2 3 5 4
3 1 4 5 2
4 2 5 3 1
2 3 1 5 4

1
Spicy Chicken Meal
1
1
1
1
1
1

3
A
Simple
Test
1 2 3
1 2 3
2 3 1
2 3 1
3 1 2
3 1 2

3
I'm
Kinda
Tired
1 2 3
1 2 3
1 2 3
1 3 2
2 1 3
2 3 1
2 1 3
3 2 1
3 2 1

4
!!!
???
$$$
@@@
1 2 3 4
2 1 4 3
2 1 4 3
2 1 4 3
3 1 2 4
4 2 3 1
4 3 1 2
4 1 2 3
3 4 2 1
4 2 1 3
2 3 1 4
3 4 1 2
4 3 1 2
3 4 1 2
3 1 4 2